  Index      Label (Miss) :  Q1 Q2 Q3
  1 ACPACP81-2    (0)   :  0.015 0.005 0.980 
  2 ACPACP81-3    (0)   :  0.016 0.005 0.980 
  3 ACPACP81-4    (0)   :  0.015 0.005 0.980 
  4 ACPACP81-5    (0)   :  0.013 0.005 0.982 
  5 ACPACP81-6    (0)   :  0.016 0.005 0.979 
  6 CCS1CCS1-3    (0)   :  0.004 0.992 0.003 
  7 CCS2CCS2-2    (0)   :  0.976 0.009 0.015 
  8 CCS2CCS2-3    (0)   :  0.974 0.010 0.016 
  9 CCS2CCS2-5    (0)   :  0.976 0.010 0.015 
 10 CE62CE62-4    (0)   :  0.976 0.009 0.015 
 11 CE62CE62-5    (0)   :  0.976 0.009 0.015 
 12 CE63CE63-3    (0)   :  0.979 0.008 0.014 
 13 CE64CE64-2    (0)   :  0.975 0.009 0.015 
 14 CE64CE64-3    (0)   :  0.974 0.011 0.015 
 15 CE64CE64-4    (0)   :  0.975 0.009 0.016 
 16 CE65CE65-2    (0)   :  0.973 0.011 0.016 
 17 CE65CE65-3    (0)   :  0.976 0.008 0.015 
 18 CE65CE65-5    (0)   :  0.975 0.010 0.015 
 19    CHCh2    (0)   :  0.009 0.984 0.007 
 20    FPFP1    (0)   :  0.011 0.982 0.007 
 21    FPFP2    (0)   :  0.017 0.974 0.009 
 22    FPFP3    (0)   :  0.019 0.973 0.009 
 23    FPFP4    (0)   :  0.017 0.975 0.008 
 24    FPFP5    (0)   :  0.011 0.982 0.007 
 25    FRFR1    (0)   :  0.003 0.994 0.003 
 26    KAKA1    (0)   :  0.976 0.010 0.014 
 27    KAKA3    (0)   :  0.974 0.009 0.017 
 28    KAKA5    (0)   :  0.974 0.009 0.017 
 29 KACKAC10    (0)   :  0.015 0.005 0.980 
 30 KACKAC11    (0)   :  0.008 0.014 0.978 
 31 KACKAC12    (0)   :  0.008 0.012 0.980 
 32 KACKAC13    (0)   :  0.015 0.005 0.980 
 33 KACKAC14    (0)   :  0.016 0.005 0.979 
 34 KACKAC15    (0)   :  0.016 0.006 0.979 
 35 KACKAC17    (0)   :  0.016 0.005 0.980 
 36 KACKAC18    (0)   :  0.015 0.005 0.980 
 37 KACKAC19    (0)   :  0.014 0.005 0.981 
 38  KACKAC2    (0)   :  0.015 0.005 0.980 
 39 KACKAC20    (0)   :  0.016 0.005 0.979 
 40 KACKAC21    (0)   :  0.016 0.005 0.979 
 41  KACKAC3    (0)   :  0.014 0.005 0.981 
 42  KACKAC4    (0)   :  0.014 0.005 0.981 
 43  KACKAC5    (0)   :  0.014 0.005 0.981 
 44  KACKAC6    (0)   :  0.015 0.005 0.980 
 45  KACKAC7    (0)   :  0.015 0.005 0.980 
 46  KACKAC8    (0)   :  0.016 0.005 0.979 
 47  KACKAC9    (0)   :  0.016 0.005 0.979 
 48  KOKO-01    (0)   :  0.016 0.005 0.979 
 49  KOKO-02    (0)   :  0.016 0.005 0.980 
 50  KOKO-04    (0)   :  0.015 0.005 0.980 
 51  KOKO-06    (0)   :  0.015 0.005 0.980 
 52  KOKO-07    (0)   :  0.013 0.005 0.982 
 53  KOKO-08    (0)   :  0.017 0.005 0.978 
 54  KOKO-09    (0)   :  0.018 0.005 0.977 
 55  KOKO-11    (0)   :  0.016 0.005 0.979 
 56  KOKO-12    (0)   :  0.016 0.005 0.979 
 57  KOKO-13    (0)   :  0.015 0.005 0.980 
 58  KOKO-14    (0)   :  0.015 0.005 0.980 
 59  KOKO-15    (0)   :  0.015 0.005 0.980 
 60  KOKO-16    (0)   :  0.017 0.005 0.978 
 61  KOKO-17    (0)   :  0.017 0.005 0.978 
 62  KOKO-18    (0)   :  0.013 0.005 0.982 
 63  KOKO-19    (0)   :  0.015 0.005 0.980 
 64  KOKO-22    (0)   :  0.016 0.005 0.979 
 65  KOKO-23    (0)   :  0.015 0.005 0.981 
 66  KOKO-24    (0)   :  0.013 0.005 0.982 
 67  KOKO-25    (0)   :  0.015 0.005 0.980 
 68  KOKO-26    (0)   :  0.016 0.004 0.980 
 69  KOKO-27    (0)   :  0.015 0.005 0.981 
 70  KOKO-28    (0)   :  0.015 0.005 0.980 
 71  KOKO-29    (0)   :  0.014 0.005 0.981 
 72  KOKO-31    (0)   :  0.015 0.006 0.980 
 73  KOKO-32    (0)   :  0.016 0.005 0.979 
 74  KOKO-33    (0)   :  0.014 0.005 0.981 
 75  KOKO-34    (0)   :  0.015 0.005 0.981 
 76  KOKO-35    (0)   :  0.015 0.005 0.980 
 77  KOKO-36    (0)   :  0.015 0.005 0.980 
 78  KOKO-37    (0)   :  0.016 0.004 0.979 
 79  KOKO-41    (0)   :  0.016 0.005 0.979 
 80  KOKO-42    (0)   :  0.014 0.005 0.981 
 81  KOKO-44    (0)   :  0.014 0.005 0.981 
 82 KOKO-45-E2    (0)   :  0.015 0.005 0.980 
 83 KOKO-47-E2    (0)   :  0.016 0.005 0.979 
 84 KOKO-49-E2    (0)   :  0.016 0.005 0.979 
 85 KOKO-50-E2    (0)   :  0.015 0.005 0.980 
 86 KOKO-51-E2    (0)   :  0.015 0.005 0.980 
 87 KOKO-53-E2    (0)   :  0.014 0.005 0.981 
 88  KOKO-55    (0)   :  0.017 0.005 0.978 
 89 KOKO-59-E2    (0)   :  0.015 0.005 0.980 
 90 KOKO-63-E2    (0)   :  0.014 0.005 0.981 
 91   MPMP1a    (0)   :  0.976 0.009 0.015 
 92   MPMP1b    (0)   :  0.977 0.009 0.014 
 93    MPMP2    (0)   :  0.975 0.010 0.016 
 94   MXMX-2    (0)   :  0.099 0.880 0.021 
 95    MXMX3    (0)   :  0.089 0.891 0.020 
 96    MXMX4    (0)   :  0.095 0.884 0.021 
 97    MXMX5    (0)   :  0.014 0.978 0.008 
 98      RR1    (0)   :  0.974 0.011 0.015 
 99     RR10    (0)   :  0.974 0.010 0.016 
100     RR14    (0)   :  0.976 0.009 0.015 
101      RR3    (0)   :  0.973 0.010 0.017 
102      RR4    (0)   :  0.975 0.010 0.015 
103      RR5    (0)   :  0.972 0.012 0.016 
104 SASA1-10    (0)   :  0.014 0.005 0.981 
105 SASA1-11    (0)   :  0.015 0.005 0.979 
106  SASA1-2    (0)   :  0.015 0.005 0.980 
107  SASA1-3    (0)   :  0.014 0.005 0.981 
108  SASA1-4    (0)   :  0.015 0.005 0.980 
109  SASA1-5    (0)   :  0.017 0.005 0.978 
110  SASA1-6    (0)   :  0.015 0.005 0.980 
111  SASA1-9    (0)   :  0.015 0.005 0.980 
112  SASA2-1    (0)   :  0.016 0.005 0.979 
113 SASA2-10    (0)   :  0.015 0.005 0.981 
114 SASA2-11    (0)   :  0.013 0.005 0.983 
115 SASA2-12    (0)   :  0.015 0.005 0.981 
116 SASA2-13    (0)   :  0.017 0.005 0.979 
117 SASA2-14    (0)   :  0.015 0.005 0.980 
118 SASA2-15    (0)   :  0.014 0.005 0.982 
119 SASA2-16    (0)   :  0.016 0.005 0.979 
120 SASA2-17    (0)   :  0.015 0.005 0.981 
121 SASA2-19    (0)   :  0.016 0.005 0.979 
122 SASA2-20    (0)   :  0.015 0.005 0.980 
123 SASA2-21    (0)   :  0.015 0.005 0.980 
124 SASA2-22    (0)   :  0.016 0.005 0.980 
125 SASA2-23    (0)   :  0.014 0.005 0.981 
126 SASA2-24    (0)   :  0.017 0.005 0.979 
127  SASA2-3    (0)   :  0.013 0.006 0.981 
128  SASA2-5    (0)   :  0.008 0.014 0.978 
129  SASA2-6    (0)   :  0.015 0.005 0.981 
130  SASA2-8    (0)   :  0.015 0.005 0.980 
131  SASA2-9    (0)   :  0.016 0.005 0.980 
132   SFSF02    (0)   :  0.976 0.009 0.015 
133   SFSF03    (0)   :  0.283 0.684 0.034 
134   SFSF04    (0)   :  0.974 0.010 0.015 
135   SFSF05    (0)   :  0.974 0.010 0.016 
136   SFSF06    (0)   :  0.976 0.009 0.015 
137   SFSF07    (0)   :  0.015 0.005 0.980 
138   SFSF08    (0)   :  0.976 0.008 0.016 
139   SFSF09    (0)   :  0.976 0.009 0.015 
140   SFSF10    (0)   :  0.292 0.672 0.036 
141   SFSF11    (0)   :  0.975 0.010 0.015 
142   SFSF12    (0)   :  0.974 0.011 0.015 
143   SFSF13    (0)   :  0.974 0.011 0.016 
144   SFSF14    (0)   :  0.974 0.010 0.016 
145   SFSF15    (0)   :  0.977 0.008 0.015 
146   SFSF16    (0)   :  0.974 0.011 0.015 
147   SFSF17    (0)   :  0.976 0.009 0.015 
148   SFSF18    (0)   :  0.974 0.009 0.016 
149   SFSF19    (0)   :  0.976 0.010 0.014 
150   SFSF20    (0)   :  0.974 0.011 0.015 
151   SFSF21    (0)   :  0.973 0.009 0.017 
152   SFSF22    (0)   :  0.978 0.009 0.013 
153   SFSF23    (0)   :  0.975 0.010 0.015 
154   SFSF25    (0)   :  0.976 0.009 0.016 
155   SFSF26    (0)   :  0.972 0.012 0.016 
156   SFSF27    (0)   :  0.976 0.008 0.015 
157   SFSF28    (0)   :  0.974 0.009 0.017 
158   SFSF29    (0)   :  0.976 0.009 0.014 
159   SFSF30    (0)   :  0.974 0.010 0.016 
160   SFSF31    (0)   :  0.975 0.009 0.015 
161   SFSF33    (0)   :  0.608 0.354 0.038 
162   SFSF34    (0)   :  0.974 0.010 0.017 
163   SFSF37    (0)   :  0.972 0.011 0.017 
164   SFSF38    (0)   :  0.977 0.010 0.014 
165   SFSF39    (0)   :  0.976 0.010 0.015 
166   SFSF40    (0)   :  0.977 0.008 0.014 
167   SPSP11    (0)   :  0.974 0.011 0.015 
168   SPSP12    (0)   :  0.976 0.009 0.015 
169   SPSP13    (0)   :  0.978 0.009 0.013 
170   SPSP15    (0)   :  0.974 0.009 0.017 
171   SPSP17    (0)   :  0.975 0.010 0.015 
172   SPSP18    (0)   :  0.979 0.008 0.014 
173   SPSP19    (0)   :  0.975 0.009 0.015 
174   SPSP21    (0)   :  0.975 0.010 0.016 
175   SPSP22    (0)   :  0.975 0.010 0.015 
176   SPSP23    (0)   :  0.973 0.011 0.016 
177   SPSP24    (0)   :  0.974 0.010 0.015 
178   SPSP26    (0)   :  0.977 0.009 0.014 
179   SPSP28    (0)   :  0.976 0.008 0.016 
180   SPSP29    (0)   :  0.975 0.009 0.016 
181   SPSP33    (0)   :  0.974 0.010 0.016 
182   SPSP36    (0)   :  0.976 0.009 0.015 
183   SPSP37    (0)   :  0.975 0.009 0.015 
184   SPSP39    (0)   :  0.975 0.010 0.015 
185   SPSP40    (0)   :  0.975 0.010 0.015 
186   SPSP41    (0)   :  0.033 0.953 0.015 
187   SPSP42    (0)   :  0.972 0.010 0.018 
188   SPSP43    (0)   :  0.974 0.011 0.015 
189   SPSP44    (0)   :  0.975 0.009 0.016 
190   SPSP45    (0)   :  0.975 0.010 0.016 
191   SPSP46    (0)   :  0.977 0.010 0.014 
192   SPSP47    (0)   :  0.974 0.011 0.016 
193   SPSP48    (0)   :  0.976 0.008 0.016 
194   SPSP49    (0)   :  0.976 0.009 0.014 
195   SPSP50    (0)   :  0.977 0.009 0.014 
196   SPSP51    (0)   :  0.977 0.009 0.014 
197   SPSP52    (0)   :  0.975 0.010 0.015 
198   SPSP53    (0)   :  0.974 0.011 0.015 
199   SPSP54    (0)   :  0.977 0.009 0.014 
200   SPSP57    (0)   :  0.977 0.008 0.015 
201   SPSP58    (0)   :  0.975 0.011 0.014 
202   SPSP59    (0)   :  0.973 0.010 0.017 
203   SPSP60    (0)   :  0.977 0.009 0.014 
204    TCTC1    (0)   :  0.016 0.005 0.979 
205    TCTC3    (0)   :  0.016 0.005 0.979 
206    TCTC4    (0)   :  0.015 0.005 0.980 
207    VAVA1    (0)   :  0.095 0.886 0.020 
208    VAVA2    (0)   :  0.095 0.884 0.021 
